3
50,50,50
41,37,11
41,37,12
41,37,13
41,37,14
41,37,15
41,37,16
41,37,17
41,37,18
41,37,19
41,37,20
41,37,21
41,37,22
41,37,23
41,37,24
41,37,25
10,14,35
37,28,34
18,11,17
29,31,8
13,1,29
44,6,0
20,8,36
45,24,36
30,33,45
18,4,23
15,16,2
18,36,40
15,19,32
3,20,19
42,9,16
37500
0,0,2
0,0,8
0,0,12
0,0,13
0,0,14
0,0,18
0,0,23
0,0,24
0,0,36
0,0,40
0,0,41
0,0,44
0,1,2
0,1,4
0,1,5
0,1,23
0,1,26
0,1,29
0,1,31
0,1,33
0,1,40
0,1,44
0,2,1
0,2,3
0,2,6
0,2,7
0,2,8
0,2,9
0,2,13
0,2,14
0,2,17
0,2,19
0,2,21
0,2,22
0,2,23
0,2,27
0,2,31
0,2,33
0,2,43
0,2,45
0,2,47
0,2,48
0,2,49
0,3,0
0,3,3
0,3,4
0,3,7
0,3,8
0,3,9
0,3,10
0,3,11
0,3,15
0,3,18
0,3,21
0,3,24
0,3,25
0,3,29
0,3,31
0,3,33
0,3,37
0,3,38
0,3,40
0,3,47
0,4,2
0,4,6
0,4,8
0,4,9
0,4,10
0,4,11
0,4,12
0,4,15
0,4,17
0,4,20
0,4,21
0,4,24
0,4,26
0,4,27
0,4,31
0,4,41
0,4,43
0,4,44
0,4,45
0,4,46
0,4,47
0,5,4
0,5,5
0,5,6
0,5,8
0,5,9
0,5,16
0,5,17
0,5,18
0,5,25
0,5,27
0,5,28
0,5,31
0,5,37
0,5,40
0,5,46
0,5,48
0,6,0
0,6,3
0,6,7
0,6,10
0,6,13
0,6,23
0,6,27
0,6,37
0,6,40
0,6,45
0,7,0
0,7,1
0,7,11
0,7,16
0,7,19
0,7,21
0,7,29
0,7,32
0,7,33
0,7,34
0,7,36
0,7,38
0,7,40
0,7,42
0,7,43
0,7,47
0,7,48
0,7,49
0,8,2
0,8,3
0,8,7
0,8,15
0,8,16
0,8,19
0,8,21
0,8,25
0,8,26
0,8,28
0,8,31
0,8,36
0,8,38
0,8,45
0,9,1
0,9,12
0,9,16
0,9,19
0,9,20
0,9,24
0,9,25
0,9,28
0,9,35
0,9,38
0,9,39
0,9,41
0,9,42
0,9,45
0,10,1
0,10,2
0,10,6
0,10,9
0,10,15
0,10,16
0,10,21
0,10,26
0,10,29
0,10,30
0,10,32
0,10,34
0,10,41
0,10,45
0,10,46
0,10,47
0,10,49
0,11,0
0,11,2
0,11,3
0,11,6
0,11,11
0,11,13
0,11,14
0,11,17
0,11,20
0,11,22
0,11,31
0,11,34
0,11,39
0,11,41
0,11,43
0,11,44
0,11,49
0,12,1
0,12,8
0,12,14
0,12,31
0,12,35
0,12,38
0,12,41
0,12,44
0,13,7
0,13,9
0,13,11
0,13,13
0,13,14
0,13,20
0,13,27
0,13,33
0,13,35
0,13,38
0,13,49
0,14,0
0,14,1
0,14,8
0,14,10
0,14,22
0,14,27
0,14,28
0,14,29
0,14,40
0,14,46
0,14,48
0,14,49
0,15,3
0,15,4
0,15,10
0,15,21
0,15,31
0,15,32
0,15,37
0,15,39
0,15,42
0,15,43
0,15,44
0,15,46
0,16,3
0,16,10
0,16,18
0,16,30
0,16,31
0,16,33
0,16,35
0,16,43
0,16,44
0,16,45
0,16,46
0,16,49
0,17,3
0,17,4
0,17,5
0,17,7
0,17,9
0,17,10
0,17,18
0,17,24
0,17,26
0,17,27
0,17,31
0,17,35
0,17,41
0,17,43
0,17,44
0,17,45
0,17,47
0,18,0
0,18,3
0,18,4
0,18,6
0,18,7
0,18,11
0,18,16
0,18,18
0,18,20
0,18,23
0,18,30
0,18,36
0,18,39
0,18,44
0,18,46
0,18,47
0,18,48
0,18,49
0,19,0
0,19,7
0,19,9
0,19,12
0,19,14
0,19,22
0,19,23
0,19,38
0,19,40
0,19,49
0,20,1
0,20,3
0,20,5
0,20,7
0,20,8
0,20,12
0,20,13
0,20,15
0,20,16
0,20,20
0,20,22
0,20,28
0,20,45
0,20,46
0,21,7
0,21,9
0,21,11
0,21,14
0,21,16
0,21,18
0,21,22
0,21,25
0,21,27
0,21,28
0,21,29
0,21,31
0,21,33
0,21,34
0,21,37
0,21,38
0,21,40
0,21,42
0,21,45
0,21,47
0,22,0
0,22,1
2,42,1
2,42,3
2,42,8
2,42,10
2,42,12
2,42,17
2,42,24
2,42,25
2,42,27
2,42,31
2,42,33
2,42,39
2,42,46
2,42,48
2,43,2
2,43,4
2,43,5
2,43,6
2,43,9
2,43,10
2,43,11
2,43,12
2,43,14
2,43,15
2,43,17
2,43,19
2,43,20
2,43,22
2,43,27
2,43,34
2,43,37
2,43,38
2,43,40
2,43,42
2,43,45
2,43,47
2,43,49
2,44,6
2,44,7
2,44,10
2,44,11
2,44,12
2,44,13
2,44,15
2,44,18
2,44,19
2,44,20
2,44,28
2,44,31
2,44,32
2,44,37
2,44,38
2,44,42
2,44,44
2,44,46
2,44,49
2,45,1
2,45,4
2,45,5
2,45,8
2,45,9
2,45,11
30,4,0
30,4,1
30,4,3
30,4,6
30,4,12
30,4,14
30,4,16
30,4,18
30,4,20
30,4,22
30,4,23
30,4,26
30,4,29
30,4,35
30,4,36
30,4,41
30,4,44
30,4,49
30,5,0
30,5,5
30,5,7
30,5,8
30,5,13
30,5,16
30,5,18
30,5,23
30,5,26
30,5,27
30,5,29
30,5,33
30,5,39
30,5,42
30,5,44
30,5,46
30,6,8
30,6,10
30,6,14
30,6,17
30,6,22
30,6,24
30,6,26
30,6,33
30,6,36
30,6,37
30,6,41
30,6,42
30,6,44
30,7,0
30,7,1
30,7,2
30,7,5
30,7,9
30,7,10
30,7,12
30,7,16
30,7,17
30,7,19
30,7,20
30,7,27
30,7,29
30,7,31
30,7,32
30,7,33
30,7,36
30,7,37
30,7,41
30,7,44
30,7,45
30,7,47
30,8,1
30,8,4
30,8,6
30,8,7
30,8,11
30,8,15
30,8,18
30,8,22
30,8,24
30,8,25
30,8,37
30,8,40
30,8,42
30,8,44
30,8,47
30,9,0
30,9,3
30,9,6
30,9,7
30,9,13
30,9,18
30,9,22
30,9,23
30,9,32
30,9,33
30,9,36
30,9,37
30,9,45
30,9,47
30,9,49
30,10,3
30,10,4
30,10,5
30,10,7
30,10,14
30,10,21
30,10,29
30,10,34
30,10,35
30,10,38
30,10,42
30,10,44
30,10,47
30,11,0
30,11,1
30,11,3
30,11,6
30,11,9
30,11,15
30,11,18
30,11,19
30,11,22
30,11,24
30,11,28
30,11,33
30,11,34
30,11,36
30,11,38
30,11,39
30,11,41
30,11,45
30,11,47
30,11,49
30,12,1
30,12,7
30,12,8
30,12,19
30,12,23
30,12,24
30,12,28
30,12,31
30,12,33
30,12,38
30,12,45
30,12,46
30,12,48
30,13,0
30,13,2
30,13,4
30,13,5
30,13,7
30,13,11
30,13,15
30,13,19
30,13,21
30,13,27
30,13,31
30,13,33
30,13,38
30,13,43
30,13,45
30,13,46
30,13,47
30,13,48
30,13,49
30,14,2
30,14,5
30,14,9
30,14,11
30,14,12
30,14,14
30,14,22
30,14,23
30,14,28
30,14,31
30,14,32
30,14,33
30,14,35
30,14,39
30,14,40
30,14,47
30,15,2
30,15,8
30,15,18
30,15,19
30,15,25
30,15,28
30,15,32
30,15,35
30,15,36
30,15,37
30,15,40
30,15,41
30,15,43
30,15,44
30,15,45
30,16,0
30,16,1
30,16,3
30,16,4
30,16,5
30,16,6
30,16,8
30,16,9
30,16,13
30,16,20
30,16,22
30,16,34
30,16,36
30,16,41
30,16,42
30,16,46
30,17,3
30,17,11
30,17,19
30,17,21
30,17,24
30,17,26
30,17,33
30,17,34
30,17,38
30,17,39
30,17,44
30,17,49
30,18,0
30,18,4
30,18,6
30,18,8
30,18,12
30,18,30
30,18,31
30,18,40
30,18,41
30,18,44
30,18,45
30,18,46
30,18,47
30,19,0
30,19,1
30,19,7
30,19,10
30,19,11
30,19,13
30,19,15
30,19,17
30,19,26
30,19,27
30,19,28
30,19,31
30,19,40
30,19,41
30,19,43
30,20,3
30,20,7
30,20,9
30,20,19
30,20,20
30,20,25
30,20,31
30,20,32
30,20,34
30,20,36
30,20,37
30,20,39
30,20,41
30,20,42
30,20,44
30,20,46
30,20,48
30,21,27
30,21,30
30,21,36
30,21,43
30,21,45
30,21,46
30,21,48
30,22,2
30,22,3
30,22,4
30,22,6
30,22,8
30,22,9
30,22,15
30,22,19
30,22,20
30,22,23
30,22,27
30,22,28
30,22,31
30,22,33
30,22,39
30,22,42
30,22,43
30,22,49
30,23,0
30,23,3
30,23,4
30,23,6
30,23,7
30,23,10
30,23,13
30,23,15
30,23,19
30,23,21
30,23,24
30,23,25
30,23,26
30,23,28
30,23,33
30,23,42
30,23,49
30,24,0
30,24,1
30,24,2
30,24,6
30,24,9
30,24,13
30,24,16
30,24,22
30,24,25
30,24,26
30,24,27
30,24,34
30,24,39
30,24,40
30,24,42
30,24,43
30,24,44
30,24,46
30,25,5
30,25,10
30,25,16
30,25,17
30,25,19
30,25,29
30,25,30
30,25,31
30,25,41
30,26,0
30,26,3
30,26,5
30,26,7
30,26,8
30,26,11
30,26,12
30,26,14
30,26,18
30,26,20
30,26,21
30,26,22
30,26,28
30,26,34
30,26,39
30,26,40
30,26,48
30,27,4
30,27,8
30,27,11
30,27,14
30,27,16
30,27,19
30,27,21
30,27,22
30,27,27
30,27,33
30,27,34
30,27,38
30,28,1
30,28,3
30,28,6
30,28,18
30,28,20
30,28,23
30,28,27
30,28,29
30,28,34
30,28,36
30,28,37
30,28,40
30,28,45
30,28,47
30,29,1
30,29,3
30,29,4
30,29,10
30,29,14
30,29,18
30,29,19
30,29,20
30,29,21
30,29,24
30,29,29
30,29,31
30,29,32
30,29,36
30,29,40
30,29,42
30,29,43
30,29,46
30,29,49
30,30,0
30,30,8
30,30,12
30,30,13
30,30,16
30,30,18
30,30,19
30,30,25
30,30,28
30,30,30
30,30,37
30,30,39
30,31,0
30,31,5
30,31,14
30,31,15
30,31,16
30,31,18
30,31,20
30,31,22
30,31,23
30,31,24
30,31,26
30,31,28
30,31,31
30,31,34
30,31,37
30,31,40
30,31,43
30,31,44
30,31,46
30,31,49
30,32,0
30,32,2
30,32,10
30,32,13
30,32,23
30,32,24
30,32,25
30,32,27
30,32,29
30,32,31
30,32,35
30,32,37
30,32,38
30,32,39
30,32,40
30,32,41
30,32,43
30,32,44
30,32,46
30,32,48
30,32,49
30,33,1
30,33,2
30,33,3
30,33,21
30,33,23
30,33,24
30,33,25
30,33,27
30,33,33
30,33,34
30,33,39
30,33,44
30,33,47
30,34,2
30,34,3
30,34,5
30,34,11
30,34,12
30,34,18
30,34,19
30,34,22
30,34,23
30,34,24
30,34,28
30,34,30
30,34,34
30,34,36
30,34,40
30,34,41
30,34,42
30,34,43
30,34,44
30,34,48
30,35,6
30,35,8
30,35,14
30,35,15
30,35,16
30,35,18
30,35,19
30,35,22
30,35,24
30,35,28
30,35,31
30,35,35
30,35,36
30,35,38
30,35,41
30,35,48
30,35,49
30,36,1
30,36,2
30,36,4
30,36,8
30,36,12
30,36,13
30,36,21
30,36,23
30,36,24
30,36,28
30,36,30
30,36,32
30,36,36
30,36,37
30,36,40
30,36,41
30,36,44
30,36,46
30,37,0
30,37,3
30,37,7
30,37,8
30,37,10
30,37,14
30,37,18
30,37,20
30,37,24
30,37,25
30,37,27
30,37,29
30,37,30
30,37,31
30,37,32
30,37,36
30,37,37
30,37,38
30,37,39
30,37,40
30,37,41
30,37,49
30,38,1
30,38,2
30,38,4
30,38,5
30,38,6
30,38,11
30,38,19
30,38,23
30,38,24
30,38,25
30,38,27
30,38,30
30,38,35
30,38,37
30,38,41
30,38,42
30,38,44
30,38,45
30,38,48
30,39,2
30,39,5
30,39,12
30,39,16
30,39,30
30,39,39
30,39,40
30,39,41
30,39,42
30,39,44
30,39,45
30,39,46
30,39,48
30,40,0
30,40,9
30,40,12
30,40,14
30,40,16
30,40,17
30,40,18
30,40,20
30,40,22
30,40,26
30,40,28
30,40,29
30,40,41
30,40,42
30,40,48
30,41,0
30,41,1
30,41,11
30,41,12
30,41,16
30,41,23
30,41,28
30,41,29
30,41,30
30,41,33
30,41,43
30,41,45
30,41,48
30,41,49
30,42,0
30,42,2
30,42,4
30,42,7
30,42,8
30,42,9
30,42,10
30,42,15
30,42,17
30,42,18
30,42,21
30,42,22
30,42,24
30,42,26
30,42,34
30,42,37
30,42,38
30,42,39
30,42,40
30,42,45
30,42,46
30,42,47
30,42,48
30,43,1
30,43,6
30,43,7
30,43,10
30,43,19
30,43,23
30,43,27
30,43,28
30,43,30
30,43,31
30,43,32
30,43,36
30,43,44
30,43,47
30,44,4
30,44,5
30,44,7
30,44,11
30,44,12
30,44,18
30,44,28
30,44,29
30,44,42
30,44,46
30,44,47
30,44,49
30,45,3
30,45,5
30,45,8
30,45,11
30,45,14
30,45,15
30,45,24
30,45,35
30,45,37
30,45,38
30,45,40
30,45,43
30,45,44
30,45,48
30,46,0
30,46,5
30,46,6
30,46,9
30,46,10
30,46,14
30,46,15
30,46,18
30,46,23
30,46,24
30,46,26
30,46,29
30,46,30
30,46,34
30,46,37
30,46,45
30,46,47
30,46,48
30,47,1
30,47,6
30,47,9
30,47,10
30,47,11
30,47,16
30,47,18
30,47,23
30,47,24
30,47,26
30,47,27
30,47,29
30,47,35
30,47,37
30,47,42
30,47,43
30,47,45
30,47,46
30,47,47
30,48,7
30,48,8
30,48,14
30,48,15
30,48,20
30,48,22
30,48,23
30,48,26
30,48,28
30,48,29
30,48,30
30,48,31
30,48,34
30,48,35
30,48,44
30,48,46
30,48,48
30,49,0
30,49,2
30,49,4
30,49,11
30,49,13
30,49,16
30,49,17
30,49,18
30,49,19
30,49,20
30,49,21
30,49,23
30,49,24
30,49,27
30,49,28
30,49,31
30,49,34
30,49,35
30,49,37
30,49,42
30,49,43
31,0,1
31,0,3
31,0,5
31,0,6
31,0,8
31,0,11
31,0,16
31,0,18
31,0,31
31,0,34
31,0,40
31,0,44
31,0,46
31,0,49
31,1,1
31,1,13
31,1,19
31,1,20
31,1,21
31,1,22
31,1,27
31,1,31
31,1,33
31,1,34
31,1,36
31,1,42
31,1,45
31,1,49
31,2,3
31,2,6
31,2,8
31,2,10
31,2,15
31,2,16
31,2,24
31,2,32
31,2,34
31,2,42
31,2,48
31,3,0
31,3,2
31,3,5
31,3,6
31,3,8
31,3,9
31,3,10
31,3,12
31,3,16
31,3,17
31,3,25
31,3,29
31,3,30
31,3,32
31,3,34
31,3,37
31,3,39
31,3,40
31,3,49
31,4,3
31,4,10
31,4,12
31,4,15
31,4,19
31,4,21
31,4,24
31,4,28
31,4,31
31,4,35
31,4,37
31,4,42
31,4,47
31,4,49
31,5,5
31,5,6
31,5,8
31,5,9
31,5,15
31,5,17
31,5,21
31,5,25
31,5,27
31,5,28
31,5,30
31,5,34
31,5,37
31,5,39
31,5,42
31,6,2
31,6,3
31,6,5
31,6,7
31,6,8
31,6,10
31,6,11
31,6,15
31,6,16
31,6,23
31,6,27
31,6,28
31,6,30
31,6,36
31,6,37
31,6,41
31,6,44
31,6,46
31,6,49
31,7,1
31,7,3
31,7,4
31,7,9
31,7,11
31,7,13
31,7,19
31,7,21
31,7,36
31,7,39
31,7,42
31,7,43
31,7,47
31,7,48
31,8,0
31,8,24
31,8,28
35,36,33
35,36,36
35,36,38
35,36,44
35,36,46
35,36,47
35,37,1
35,37,8
35,37,11
35,37,14
35,37,29
35,37,31
35,37,37
35,37,38
35,37,40
35,37,45
35,37,49
35,38,1
35,38,2
35,38,6
35,38,8
35,38,9
35,38,17
35,38,21
35,38,26
35,38,27
35,38,29
35,38,33
35,38,40
35,38,41
35,38,43
35,38,48
35,39,6
35,39,7
35,39,12
35,39,15
35,39,17
35,39,18
35,39,21
35,39,23
35,39,32
35,39,33
35,39,39
35,39,43
35,40,2
35,40,3
35,40,8
35,40,10
35,40,12
35,40,13
35,40,15
35,40,18
35,40,23
35,40,24
35,40,26
35,40,31
35,40,35
35,40,40
35,40,44
35,40,45
35,40,49
35,41,2
35,41,8
35,41,10
35,41,16
35,41,20
35,41,23
35,41,25
35,41,32
35,41,38
35,41,41
35,41,45
35,42,5
35,42,6
35,42,7
35,42,12
35,42,17
35,42,18
35,42,21
35,42,24
35,42,26
35,42,27
35,42,38
35,42,39
35,42,44
35,43,3
35,43,4
35,43,6
35,43,7
35,43,10
35,43,17
35,43,21
35,43,23
35,43,29
35,43,31
35,43,34
35,43,45
35,43,46
35,44,2
35,44,4
35,44,7
35,44,9
35,44,10
35,44,15
35,44,16
35,44,19
35,44,21
35,44,23
35,44,25
35,44,29
35,44,36
35,44,40
35,44,45
35,44,47
35,45,0
35,45,1
35,45,2
35,45,7
35,45,9
35,45,19
35,45,21
35,45,23
35,45,30
35,45,33
35,45,34
35,45,35
35,45,36
35,45,40
35,45,49
35,46,2
35,46,3
35,46,5
35,46,8
35,46,20
35,46,21
35,46,26
35,46,27
35,46,28
35,46,31
35,46,33
35,46,37
35,46,41
35,46,42
35,46,46
35,47,4
35,47,5
35,47,6
35,47,9
35,47,11
35,47,16
35,47,23
35,47,27
35,47,28
35,47,32
35,47,34
35,47,35
35,47,40
35,47,45
35,47,49
35,48,0
35,48,1
35,48,4
35,48,7
35,48,8
35,48,12
35,48,14
35,48,19
35,48,25
35,48,28
35,48,40
35,48,43
35,48,48
35,49,3
35,49,14
35,49,18
35,49,19
35,49,22
35,49,23
35,49,24
35,49,25
35,49,30
35,49,37
35,49,40
35,49,43
35,49,48
36,0,2
36,0,3
36,0,12
36,0,13
36,0,14
36,0,17
36,0,22
36,0,26
36,0,29
36,0,32
36,0,33
36,0,35
36,0,39
36,0,42
36,0,43
36,0,46
36,0,48
36,1,6
36,1,7
36,1,9
36,1,10
36,1,12
36,1,14
36,1,19
36,1,23
36,1,26
36,1,27
36,1,30
36,1,31
36,1,33
36,1,36
36,1,37
36,1,41
36,1,47
36,2,0
36,2,1
36,2,2
36,2,3
36,2,15
36,2,21
36,2,26
36,2,27
36,2,28
36,2,41
36,2,42
36,3,1
36,3,4
36,3,12
36,3,14
36,3,20
36,3,22
36,3,26
36,3,28
36,3,31
36,3,36
36,3,38
36,3,39
36,3,42
36,3,44
36,3,45
36,3,47
36,3,49
36,4,1
36,4,5
36,4,7
36,4,9
36,4,15
36,4,16
36,4,17
36,4,19
36,4,23
36,4,24
36,4,25
36,4,35
36,4,36
36,4,37
36,4,46
36,5,0
36,5,12
36,5,14
36,5,17
36,5,18
36,5,22
36,5,32
36,5,33
36,5,34
36,5,35
36,5,42
36,5,45
36,5,49
36,6,20
36,6,27
36,6,29
36,6,31
36,6,38
36,6,40
36,6,41
36,6,46
36,6,48
36,6,49
36,7,0
36,7,3
36,7,4
36,7,6
36,7,7
36,7,11
36,7,16
36,7,17
36,7,18
36,7,26
36,7,28
36,7,33
36,7,34
36,7,35
36,7,36
36,7,40
36,7,41
36,7,43
36,7,46
36,8,1
36,8,3
36,8,6
36,8,7
36,8,9
36,8,13
36,8,18
36,8,22
36,8,24
36,8,25
36,8,27
36,8,31
36,8,33
36,8,34
36,8,35
36,8,36
36,8,38
36,8,48
36,9,2
36,9,3
36,9,4
36,9,7
36,9,9
36,9,10
36,9,14
36,9,15
36,9,17
36,9,18
36,9,21
36,9,22
36,9,25
36,9,41
36,9,42
36,9,44
36,9,48
36,9,49
36,10,1
36,10,2
36,10,9
36,10,10
36,10,11
36,10,13
36,10,14
36,10,23
36,10,26
36,10,28
36,10,29
36,10,34
36,10,40
36,10,42
36,10,46
36,10,48
36,11,7
36,11,8
36,11,10
36,11,12
36,11,16
36,11,18
36,11,23
36,11,27
36,11,30
36,11,32
36,11,33
36,11,44
36,11,47
36,11,48
36,11,49
36,12,0
36,12,2
36,12,10
36,12,19
36,12,25
36,12,26
36,12,32
36,12,34
36,12,36
36,12,37
36,12,38
36,12,42
36,13,0
36,13,4
36,13,5
36,13,6
36,13,10
36,13,14
36,13,16
36,13,17
36,13,18
36,13,20
36,13,23
36,13,28
36,13,31
36,13,36
36,13,40
36,13,46
36,13,49
36,14,1
36,14,8
36,14,15
36,14,26
36,14,29
36,14,31
36,14,32
36,14,37
36,14,42
36,14,43
36,14,46
36,14,48
36,14,49
36,15,0
36,15,2
36,15,7
36,15,12
36,15,13
36,15,22
36,15,23
36,15,24
36,15,26
36,15,28
36,15,30
36,15,31
36,15,35
36,15,38
36,15,39
36,15,42
36,15,44
36,15,47
36,15,48
36,16,0
36,16,2
36,16,3
36,16,5
36,16,6
36,16,8
36,16,10
36,16,11
36,16,12
36,16,13
36,16,17
36,16,20
36,16,26
36,16,33
36,16,34
36,16,37
36,16,43
36,16,47
36,16,48
36,16,49
36,17,0
36,17,8
36,17,9
36,17,12
36,17,15
36,17,16
36,17,17
36,17,21
36,17,23
36,17,25
36,17,26
36,17,27
36,17,31
36,17,34
36,17,39
36,17,43
36,17,44
36,17,46
36,17,49
36,18,0
36,18,9
36,18,10
36,18,11
36,18,14
36,18,15
36,18,21
36,18,22
36,18,27
36,18,30
36,18,31
36,18,32
36,18,34
36,18,40
36,18,44
36,18,45
36,18,46
36,19,0
36,19,1
36,19,2
36,19,3
36,19,7
36,19,13
36,19,15
36,19,17
36,19,18
36,19,27
36,19,29
36,19,36
36,19,39
36,19,45
36,20,9
36,20,10
36,20,13
36,20,16
36,20,20
36,20,21
36,20,24
36,20,28
36,20,29
36,20,30
36,20,32
36,20,36
36,20,47
36,20,48
36,21,1
36,21,2
36,21,5
36,21,9
36,21,12
36,21,16
36,21,22
36,21,23
36,21,26
36,21,27
36,21,32
36,21,39
36,21,44
36,22,0
36,22,1
36,22,5
36,22,8
36,22,9
36,22,10
36,22,13
36,22,17
36,22,18
36,22,19
36,22,20
36,22,21
36,22,22
36,22,26
36,22,27
36,22,29
36,22,30
36,22,37
36,23,4
36,23,5
36,23,10
36,23,17
36,23,22
36,23,23
36,23,26
36,23,28
36,23,29
36,23,33
36,23,34
36,23,39
36,23,49
36,24,0
36,24,6
36,24,7
36,24,10
36,24,12
36,24,13
36,24,16
36,24,18
36,24,23
36,24,27
36,24,28
36,24,34
36,24,41
36,24,42
36,24,45
36,25,0
36,25,4
36,25,5
36,25,23
36,25,25
36,25,28
36,25,29
36,25,37
36,25,41
36,25,44
36,25,45
36,25,48
36,25,49
36,26,0
36,26,6
36,26,13
36,26,14
36,26,19
36,26,24
36,26,28
36,26,35
36,26,36
36,26,38
36,26,44
36,26,47
36,26,48
36,27,6
36,27,7
36,27,8
36,27,10
36,27,13
36,27,19
36,27,23
36,27,24
36,27,25
36,27,31
36,27,32
36,27,38
36,27,39
36,27,41
36,27,46
36,28,1
36,28,2
36,28,15
36,28,20
36,28,22
36,28,24
36,28,26
36,28,28
36,28,32
36,28,33
36,28,39
36,28,43
36,28,49
36,29,1
36,29,2
36,29,4
36,29,5
36,29,8
36,29,12
36,29,13
36,29,14
36,29,15
36,29,17
36,29,19
36,29,20
36,29,22
36,29,38
36,29,40
36,29,44
36,29,47
36,30,0
36,30,11
36,30,18
36,30,20
36,30,21
36,30,23
36,30,25
36,30,26
36,30,27
36,30,29
36,30,33
36,30,34
36,30,36
36,30,44
36,31,2
36,31,4
36,31,8
36,31,20
36,31,21
36,31,22
36,31,23
36,31,24
36,31,26
36,31,31
36,31,32
36,31,33
36,31,35
36,31,37
36,31,38
36,31,40
36,31,43
36,31,44
36,32,2
36,32,3
36,32,8
36,32,10
36,32,11
36,32,13
36,32,15
36,32,17
36,32,22
36,32,25
36,32,27
36,32,28
36,32,31
36,32,41
36,32,44
36,33,7
36,33,8
36,33,21
36,33,24
36,33,25
36,33,30
36,33,34
36,33,39
36,33,44
36,34,0
36,34,12
36,34,14
36,34,17
36,34,23
36,34,25
36,34,32
36,34,35
36,34,36
36,34,39
36,34,46
36,35,8
36,35,9
36,35,12
36,35,20
36,35,23
36,35,28
36,35,34
36,35,43
36,36,4
36,36,5
36,36,8
36,36,13
36,36,16
36,36,18
36,36,26
36,36,28
36,36,33
36,36,35
36,36,37
36,36,41
36,36,44
36,36,47
36,37,0
36,37,3
36,37,5
36,37,7
36,37,16
36,37,17
36,37,24
36,37,25
36,37,34
36,37,42
36,37,44
36,37,47
36,37,49
36,38,0
36,38,1
36,38,10
36,38,21
36,38,22
36,38,24
36,38,27
36,38,32
36,38,34
36,38,39
36,38,46
36,38,48
36,39,1
36,39,4
36,39,7
36,39,8
36,39,10
36,39,15
36,39,22
36,39,26
36,39,27
36,39,30
36,39,35
36,39,40
36,39,41
36,39,43
36,40,1
36,40,2
36,40,3
36,40,17
36,40,29
36,40,32
36,40,37
36,40,41
36,40,44
36,40,45
36,40,46
36,41,3
36,41,5
36,41,13
36,41,15
36,41,17
36,41,18
36,41,23
36,41,26
36,41,28
36,41,29
36,41,32
36,41,37
36,41,40
36,41,41
36,41,44
36,41,45
36,41,46
36,42,1
36,42,3
36,42,4
36,42,9
36,42,11
36,42,12
36,42,16
36,42,18
36,42,19
36,42,21
36,42,25
36,42,27
36,42,31
36,42,33
36,42,35
36,42,37
36,42,40
36,42,43
36,42,46
36,42,47
36,42,49
36,43,3
36,43,6
36,43,7
36,43,8
36,43,10
36,43,23
36,43,25
36,43,27
36,43,34
36,43,38
36,43,39
36,43,40
36,43,41
36,43,42
36,43,44
36,43,47
36,44,4
36,44,9
36,44,16
36,44,17
36,44,18
36,44,19
36,44,20
36,44,22
36,44,30
36,44,35
36,44,36
36,44,39
36,44,40
36,44,41
36,45,11
36,45,17
36,45,23
36,45,37
36,45,38
36,45,41
36,45,42
36,46,1
36,46,9
36,46,16
36,46,19
36,46,21
36,46,28
36,46,31
36,46,33
36,46,35
36,46,39
36,46,40
36,46,43
36,47,2
36,47,5
36,47,6
36,47,10
36,47,11
36,47,15
36,47,16
36,47,18
36,47,21
36,47,23
36,47,26
36,47,30
36,47,32
36,47,36
36,47,37
36,47,40
36,47,41
36,47,47
36,48,3
36,48,6
36,48,9
36,48,16
36,48,19
36,48,23
36,48,30
36,48,31
36,48,36
36,48,37
36,48,39
36,48,41
36,48,42
36,48,46
36,48,47
36,49,5
36,49,9
36,49,15
36,49,16
36,49,17
36,49,21
36,49,22
36,49,23
36,49,27
36,49,35
36,49,38
36,49,39
36,49,41
36,49,42
36,49,44
36,49,46
37,0,1
37,0,3
37,0,6
37,0,17
37,0,25
37,0,29
37,0,38
37,0,42
37,0,43
37,0,49
37,1,0
37,1,1
37,1,4
37,1,5
37,1,11
37,1,19
37,1,25
37,1,32
37,1,34
37,1,37
37,1,39
37,1,40
37,1,44
37,1,45
37,1,46
37,1,47
37,2,2
37,2,4
37,2,5
37,2,8
37,2,9
37,2,13
37,2,14
37,2,15
37,2,16
37,2,20
37,2,22
37,2,23
37,2,24
37,2,25
37,2,29
37,2,35
37,2,37
37,2,39
37,2,42
37,2,48
37,3,6
37,3,8
37,3,11
37,3,22
37,3,25
37,3,28
37,3,32
37,3,35
37,3,38
37,3,39
37,4,2
37,4,4
37,4,33
37,4,35
37,4,36
37,4,37
37,4,45
37,5,1
37,5,2
37,5,3
37,5,5
37,5,6
37,5,11
37,5,14
37,5,15
37,5,17
37,5,18
37,5,19
37,5,21
37,5,23
37,5,25
37,5,27
37,5,28
37,5,29
37,5,31
37,5,44
37,5,48
37,5,49
37,6,2
37,6,3
37,6,5
37,6,7
37,6,13
37,6,14
37,6,16
37,6,17
37,6,19
37,6,22
37,6,23
37,6,24
37,6,28
37,6,30
37,6,33
37,6,36
37,6,39
37,6,47
37,7,14
37,7,15
37,7,18
37,7,25
37,7,29
37,7,30
37,7,34
37,7,36
37,8,6
37,8,7
37,8,13
37,8,18
37,8,27
37,8,29
37,8,30
37,8,33
37,8,37
37,8,39
37,8,48
37,9,3
37,9,4
37,9,13
37,9,14
37,9,16
37,9,21
37,9,22
37,9,23
37,9,26
37,9,27
37,9,30
37,9,32
37,9,38
37,9,40
37,9,41
37,9,45
37,10,2
37,10,13
37,10,19
37,10,20
37,10,22
37,10,26
37,10,29
37,10,30
37,10,31
37,10,32
37,10,33
37,10,35
37,10,36
37,10,37
37,10,43
37,10,48
37,11,1
37,11,3
37,11,4
37,11,6
37,11,10
37,11,13
37,11,14
37,11,17
37,11,18
37,11,20
37,11,21
37,11,22
37,11,23
37,11,24
37,11,25
37,11,31
37,11,42
37,11,44
37,11,47
37,11,49
37,12,6
37,12,9
37,12,14
37,12,15
37,12,16
37,12,25
37,12,26
37,12,28
37,12,31
37,12,34
37,12,35
37,12,39
37,12,41
37,12,43
37,12,49
37,13,0
37,13,1
37,13,5
37,13,8
37,13,12
37,13,15
37,13,17
37,13,23
37,13,24
37,13,26
37,13,27
37,13,28
37,13,34
37,13,35
37,13,37
37,13,38
37,13,41
37,13,42
37,13,44
37,13,47
37,14,1
37,14,6
37,14,11
37,14,14
37,14,16
37,14,20
37,14,23
37,14,26
37,14,30
37,14,33
37,14,37
37,14,39
37,14,41
37,14,42
37,14,43
37,14,44
37,14,46
37,15,1
37,15,2
37,15,3
37,15,20
37,15,24
37,15,25
37,15,31
37,15,32
37,15,36
37,15,39
37,16,3
37,16,4
37,16,8
37,16,9
37,16,10
37,16,15
37,16,19
37,16,21
37,16,22
37,16,25
37,16,28
37,16,31
37,16,32
37,16,37
37,16,41
37,16,48
37,16,49
37,17,4
37,17,5
37,17,6
37,17,15
37,17,17
37,17,19
37,17,21
37,17,23
37,17,26
37,17,32
37,17,35
37,17,37
37,17,47
37,18,0
37,18,3
37,18,4
37,18,7
37,18,9
37,18,10
37,18,12
37,18,13
37,18,16
37,18,17
37,18,24
37,18,30
37,18,36
37,18,37
37,18,39
37,18,40
37,18,43
37,18,46
37,18,47
37,19,0
37,19,2
37,19,3
37,19,7
37,19,8
37,19,10
37,19,14
37,19,16
37,19,20
37,19,21
37,19,24
37,19,25
37,19,33
37,19,38
37,19,39
37,19,43
37,19,46
37,19,48
37,20,0
37,20,2
37,20,3
37,20,5
37,20,8
37,20,15
37,20,16
37,20,17
37,20,19
37,20,20
37,20,21
37,20,22
37,20,23
37,20,25
37,20,27
37,20,31
37,20,33
37,20,35
37,20,36
37,20,41
37,20,43
37,20,44
37,20,45
37,20,48
37,21,0
37,21,4
37,21,8
37,21,10
37,21,13
37,21,14
37,21,15
37,21,17
37,21,31
37,21,40
37,21,47
37,21,48
37,22,3
37,22,23
37,22,28
37,22,29
37,22,31
37,22,32
37,22,34
37,22,42
37,22,44
37,22,49
37,23,2
37,23,4
37,23,7
37,23,19
37,23,23
37,23,35
37,23,41
37,23,43
37,23,45
37,23,46
37,24,3
37,24,4
37,24,7
37,24,8
37,24,14
37,24,18
37,24,19
37,24,20
37,24,22
37,24,27
37,24,29
37,24,34
37,24,40
37,24,42
37,24,43
37,24,48
37,25,0
37,25,1
37,25,5
37,25,6
37,25,7
37,25,9
37,25,10
37,25,15
37,25,19
37,25,20
37,25,28
37,25,31
37,25,32
37,25,36
37,25,40
37,25,42
37,25,49
37,26,4
37,26,8
37,26,15
37,26,16
37,26,18
37,26,21
37,26,23
37,26,25
37,26,26
37,26,29
37,26,31
37,26,45
37,26,46
37,27,1
37,27,4
37,27,19
37,27,21
37,27,24
37,27,27
37,27,28
37,27,32
37,27,34
37,27,36
37,27,39
37,27,40
37,27,43
37,27,46
37,28,0
37,28,2
37,28,4
37,28,8
37,28,10
37,28,16
37,28,18
37,28,20
37,28,23
37,28,25
37,28,26
37,28,28
37,28,31
37,28,36
37,28,39
37,28,40
37,28,44
37,28,47
37,28,49
37,29,5
37,29,7
37,29,9
37,29,14
37,29,17
37,29,19
37,29,22
37,29,25
37,29,26
37,29,32
37,29,34
37,29,35
37,29,38
37,29,42
37,29,44
37,29,46
37,30,0
37,30,1
37,30,4
37,30,5
37,30,10
37,30,11
37,30,14
37,30,19
37,30,22
37,30,23
37,30,30
37,30,44
37,31,0
37,31,9
37,31,11
37,31,16
37,31,18
37,31,19
37,31,20
37,31,26
37,31,27
37,31,39
37,31,42
37,31,44
37,31,45
37,31,47
37,32,1
37,32,3
37,32,7
37,32,10
37,32,12
37,32,14
37,32,16
37,32,22
37,32,23
37,32,24
37,32,26
37,32,28
37,32,38
37,32,41
37,32,45
37,32,47
37,33,1
37,33,4
37,33,9
37,33,14
37,33,19
37,33,20
37,33,21
37,33,27
37,33,28
37,33,29
37,33,31
37,33,35
37,33,39
37,33,40
37,33,42
37,33,44
37,33,45
37,33,46
37,33,48
37,34,0
37,34,2
37,34,3
37,34,22
37,34,23
37,34,24
37,34,26
37,34,29
37,34,30
37,34,31
37,34,36
37,34,38
37,34,41
37,34,42
37,35,0
37,35,4
37,35,8
37,35,10
37,35,16
37,35,20
37,35,21
37,35,22
37,35,24
37,35,26
37,35,29
37,35,32
37,35,33
37,35,36
37,35,37
37,35,44
37,35,47
37,36,6
37,36,8
37,36,9
37,36,20
37,36,21
37,36,23
37,36,24
37,36,34
37,36,36
37,36,39
37,36,40
37,36,41
37,36,42
37,36,48
37,37,3
37,37,7
37,37,10
37,37,14
37,37,15
37,37,16
37,37,20
37,37,21
37,37,22
37,37,25
37,37,30
37,37,34
37,37,37
37,37,41
37,37,45
37,37,46
37,37,47
37,38,0
37,38,2
37,38,6
37,38,7
37,38,10
37,38,13
37,38,19
37,38,26
37,38,28
37,38,29
37,38,30
37,38,35
37,38,46
37,39,2
37,39,3
37,39,9
37,39,10
37,39,16
37,39,18
37,39,19
37,39,21
37,39,25
37,39,26
37,39,27
37,39,33
37,39,37
37,39,39
37,39,41
37,39,45
37,39,46
37,40,4
37,40,6
37,40,8
37,40,13
37,40,15
37,40,18
37,40,19
37,40,22
37,40,24
37,40,25
37,40,26
37,40,28
37,40,29
37,40,36
37,40,38
37,40,40
37,40,41
37,40,43
37,40,45
37,40,46
37,41,5
37,41,14
37,41,19
37,41,21
37,41,25
37,41,26
37,41,31
37,41,43
37,41,45
37,41,47
37,42,0
37,42,6
37,42,8
37,42,9
37,42,15
37,42,16
37,42,25
37,42,31
37,42,33
37,42,36
37,42,38
37,42,39
37,42,40
37,42,43
37,42,44
37,42,46
37,43,0
37,43,2
37,43,9
37,43,12
37,43,15
37,43,17
37,43,20
37,43,23
37,43,35
37,43,37
37,43,41
37,43,45
37,43,46
37,43,47
37,44,0
37,44,2
37,44,3
37,44,9
37,44,15
37,44,20
37,44,21
37,44,24
37,44,27
37,44,28
37,44,29
37,44,35
37,44,36
37,44,38
37,44,43
37,44,47
37,44,49
37,45,0
37,45,4
37,45,17
37,45,23
37,45,25
37,45,28
37,45,31
37,45,32
37,45,33
37,45,36
37,45,37
37,45,38
37,45,40
37,45,42
37,46,3
37,46,5
37,46,10
37,46,13
37,46,14
37,46,18
37,46,20
37,46,24
37,46,26
37,46,27
37,46,31
37,46,32
37,46,33
37,46,40
37,46,45
37,46,46
37,46,47
37,46,49
37,47,1
37,47,4
37,47,8
37,47,10
37,47,12
37,47,13
37,47,16
37,47,25
37,47,26
37,47,28
37,47,31
37,47,40
37,47,41
37,47,44
37,48,0
37,48,2
37,48,3
37,48,7
37,48,8
37,48,11
37,48,12
37,48,18
37,48,19
37,48,22
37,48,24
37,48,25
37,48,29
37,48,34
37,48,36
37,48,37
37,48,38
37,48,44
37,48,47
37,49,2
37,49,5
37,49,6
37,49,13
37,49,15
37,49,23
37,49,24
37,49,27
37,49,31
37,49,34
37,49,37
37,49,38
37,49,39
37,49,40
37,49,42
37,49,43
37,49,45
38,0,1
38,0,2
38,0,5
38,0,6
38,0,11
38,0,14
38,0,20
38,0,22
38,0,32
38,0,36
38,0,40
38,0,42
38,0,46
38,1,0
38,1,5
38,1,10
38,1,13
38,1,14
38,1,16
38,1,18
38,1,20
38,1,24
38,1,29
38,1,33
38,1,44
38,1,47
38,2,2
38,2,3
38,2,6
38,2,8
38,2,10
38,2,16
38,2,18
38,2,20
38,2,22
38,2,26
38,2,27
38,2,33
38,2,34
38,2,45
38,3,1
38,3,5
38,3,7
38,3,16
38,3,18
38,3,21
38,3,22
38,3,24
38,3,27
38,3,30
38,3,34
38,3,44
38,3,46
38,3,48
38,3,49
38,4,0
38,4,11
38,4,17
38,4,23
38,4,25
38,4,26
38,4,30
38,4,32
38,4,33
38,4,34
38,4,35
38,4,44
38,5,6
38,5,14
38,5,18
38,5,21
38,5,24
38,5,28
38,5,30
38,5,31
38,5,36
38,5,40
38,5,43
38,6,0
38,6,2
38,6,3
38,6,9
38,6,12
38,6,19
38,6,21
38,6,25
38,6,26
38,6,27
38,6,33
38,6,40
38,6,43
38,6,44
38,6,47
38,7,7
38,7,8
38,7,13
38,7,15
38,7,22
38,7,27
38,7,28
38,7,31
38,7,35
38,7,37
38,7,42
38,7,44
38,8,0
38,8,5
38,8,10
38,8,18
38,8,19
38,8,20
38,8,22
38,8,23
38,8,26
38,8,31
38,8,38
38,8,39
38,8,41
38,8,42
38,8,44
38,8,46
38,8,47
38,9,4
38,9,18
38,9,19
38,9,21
38,9,22
38,9,23
38,9,24
38,9,25
38,9,35
38,9,43
38,10,2
38,10,9
38,10,12
38,10,15
38,10,25
38,10,26
38,10,27
38,10,29
38,10,32
38,10,33
38,10,37
38,10,41
38,10,44
38,10,47
38,10,49
38,11,1
38,11,7
38,11,8
38,11,11
38,11,13
38,11,15
38,11,16
38,11,23
38,11,27
38,11,29
38,11,32
38,11,33
38,11,39
38,12,4
38,12,9
38,12,10
38,12,13
38,12,15
38,12,16
38,12,17
38,12,21
38,12,27
38,12,29
38,12,33
38,12,35
38,12,36
38,12,38
38,12,39
38,12,41
38,12,42
38,12,44
38,12,49
38,13,1
38,13,7
38,13,11
38,13,12
38,13,13
38,13,15
38,13,16
38,13,28
38,13,30
38,13,33
38,13,37
38,13,39
38,13,42
38,13,47
38,13,48
38,13,49
38,14,1
38,14,6
38,14,7
38,14,10
38,14,11
38,14,18
38,14,19
38,14,21
38,14,23
38,14,30
38,14,35
38,14,37
38,14,46
38,14,48
38,15,1
38,15,4
38,15,6
38,15,12
38,15,22
38,15,24
38,15,25
38,15,29
38,15,32
38,15,36
38,15,45
38,15,49
38,16,2
38,16,3
38,16,6
38,16,7
38,16,9
38,16,10
38,16,11
38,16,13
38,16,14
38,16,15
38,16,16
38,16,18
38,16,19
38,16,20
38,16,22
38,16,25
38,16,28
38,16,31
38,16,32
38,16,35
38,16,38
38,16,45
38,17,0
38,17,2
38,17,5
38,17,7
38,17,8
38,17,19
38,17,23
38,17,24
38,17,25
38,17,26
38,17,29
38,17,32
38,17,33
38,17,35
38,17,38
38,17,39
38,17,40
38,17,41
38,17,44
38,17,45
38,17,47
38,18,3
38,18,4
38,18,5
38,18,6
38,18,7
38,18,12
38,18,13
38,18,17
38,18,23
38,18,25
38,18,30
38,18,33
38,18,37
38,18,45
38,18,49
38,19,3
38,19,4
38,19,8
38,19,10
38,19,12
38,19,23
38,19,25
38,19,26
38,19,27
38,19,30
38,19,32
38,19,33
38,19,36
38,19,38
38,19,39
38,19,40
38,19,42
38,19,43
38,19,46
38,19,48
38,20,0
38,20,2
38,20,9
38,20,18
38,20,21
38,20,22
38,20,23
38,20,27
38,20,29
38,20,34
38,20,36
38,20,38
38,20,39
38,20,42
38,20,45
38,20,46
38,20,48
38,21,0
38,21,4
38,21,15
38,21,20
38,21,30
38,21,32
38,21,35
38,21,37
38,21,40
38,21,42
38,21,43
38,21,46
38,21,49
38,22,1
38,22,7
38,22,9
38,22,12
38,22,16
38,22,18
38,22,26
38,22,28
38,22,35
38,22,37
38,22,41
38,22,42
38,22,43
38,22,45
38,22,46
38,22,48
38,23,1
38,23,9
38,23,10
38,23,15
38,23,18
38,23,28
38,23,29
38,23,31
38,23,38
38,23,40
38,23,46
38,24,13
38,24,15
38,24,25
38,24,34
38,24,39
38,24,44
38,24,45
38,25,0
38,25,2
38,25,5
38,25,6
38,25,12
38,25,15
38,25,16
38,25,17
38,25,20
38,25,22
38,25,26
38,25,27
38,25,30
38,25,31
38,25,34
38,25,35
38,25,39
38,25,41
38,25,44
38,26,1
38,26,4
38,26,6
38,26,9
38,26,12
38,26,19
38,26,20
38,26,21
38,26,22
38,26,24
38,26,29
38,26,30
38,26,33
38,26,36
38,26,42
38,26,46
38,26,47
38,27,5
38,27,6
38,27,11
38,27,12
38,27,15
38,27,18
38,27,22
38,27,26
38,27,35
38,27,41
38,27,44
38,27,45
38,28,0
38,28,2
38,28,6
38,28,12
38,28,13
38,28,14
38,28,16
38,28,17
38,28,19
38,28,20
38,28,24
38,28,30
38,28,31
38,28,33
38,28,39
38,28,40
38,28,41
38,28,45
38,29,3
38,29,6
38,29,9
38,29,10
38,29,11
38,29,14
38,29,19
38,29,22
38,29,24
38,29,29
38,29,30
38,29,32
38,29,38
38,29,40
38,29,47
38,30,1
38,30,3
38,30,5
38,30,7
38,30,13
38,30,16
38,30,21
38,30,28
38,30,31
38,30,34
38,30,35
38,30,36
38,30,37
38,30,42
38,30,43
38,30,45
38,30,46
38,30,48
38,31,0
38,31,1
38,31,2
38,31,3
38,31,7
38,31,12
38,31,15
38,31,16
38,31,19
38,31,21
38,31,22
38,31,26
38,31,30
38,31,31
38,31,34
38,31,35
38,31,39
38,31,49
38,32,3
38,32,4
38,32,5
38,32,9
38,32,10
38,32,23
38,32,26
38,32,28
38,32,31
38,32,32
38,32,34
38,32,37
38,32,38
38,32,39
38,32,47
38,33,0
38,33,6
38,33,14
38,33,15
38,33,22
38,33,30
38,33,33
38,33,35
38,33,37
38,33,41
38,33,42
38,33,45
38,33,48
38,34,0
38,34,6
38,34,12
38,34,13
38,34,14
38,34,19
38,34,20
38,34,21
38,34,23
38,34,25
38,34,30
38,34,31
38,34,32
38,34,35
38,34,40
38,34,41
38,34,45
38,34,47
38,35,0
38,35,6
38,35,7
38,35,9
38,35,15
38,35,17
38,35,19
38,35,23
38,35,24
38,35,27
38,35,28
38,35,33
38,35,34
38,35,35
38,35,36
38,35,40
38,35,41
38,35,43
38,35,45
38,36,2
38,36,3
38,36,6
38,36,9
38,36,27
38,36,30
38,36,38
38,36,39
38,36,41
38,36,44
38,36,46
38,36,49
38,37,1
38,37,3
38,37,5
38,37,6
38,37,7
38,37,8
38,37,11
38,37,14
38,37,16
38,37,18
38,37,19
38,37,25
38,37,35
38,37,41
38,37,42
38,37,48
38,38,2
38,38,3
38,38,5
38,38,8
38,38,9
38,38,12
38,38,14
38,38,21
38,38,22
38,38,24
38,38,35
38,38,36
38,38,39
38,38,41
38,38,43
38,38,45
38,38,46
38,38,49
38,39,4
38,39,6
38,39,8
38,39,10
38,39,12
38,39,13
38,39,17
38,39,23
38,39,27
38,39,28
38,39,35
38,39,36
38,39,37
38,39,39
38,39,42
38,39,43
38,39,46
38,39,48
38,40,2
38,40,3
38,40,5
38,40,6
38,40,11
38,40,15
38,40,17
38,40,20
38,40,22
38,40,23
38,40,33
38,40,34
38,40,42
38,40,49
38,41,0
38,41,2
38,41,8
38,41,9
38,41,10
38,41,12
38,41,18
38,41,20
38,41,31
38,41,36
38,41,37
38,41,39
38,41,43
38,41,46
38,42,3
38,42,4
38,42,6
38,42,11
38,42,14
38,42,15
38,42,20
38,42,26
38,42,29
38,42,31
38,42,35
38,42,36
38,42,38
38,42,40
38,42,41
38,42,43
38,42,45
38,43,0
38,43,1
38,43,4
38,43,7
38,43,9
38,43,12
38,43,15
38,43,19
38,43,20
38,43,38
38,44,1
38,44,16
38,44,21
38,44,23
38,44,26
38,44,27
38,44,33
38,44,38
38,44,39
38,44,40
38,44,45
38,45,0
38,45,4
38,45,6
38,45,9
38,45,20
38,45,21
38,45,26
38,45,27
38,45,30
38,45,41
38,45,42
38,45,46
38,45,47
38,46,1
38,46,6
38,46,8
38,46,10
38,46,12
38,46,15
38,46,19
38,46,22
38,46,26
38,46,32
38,46,35
38,46,36
38,46,38
38,46,44
38,46,48
38,46,49
38,47,1
38,47,4
38,47,9
38,47,12
38,47,15
38,47,16
38,47,17
38,47,19
38,47,21
38,47,25
38,47,26
38,47,27
38,47,30
38,47,33
38,47,35
38,47,41
38,47,45
38,47,47
38,47,48
38,48,1
38,48,2
38,48,3
38,48,4
38,48,5
38,48,11
38,48,13
38,48,22
38,48,24
38,48,25
38,48,31
38,48,34
38,48,39
38,48,45
38,48,47
38,49,1
38,49,2
38,49,4
38,49,12
38,49,17
38,49,18
38,49,29
38,49,32
38,49,34
38,49,35
38,49,46
38,49,47
38,49,48
38,49,49
39,0,3
39,0,6
39,0,8
39,0,11
39,0,13
39,0,16
39,0,23
39,0,26
39,0,35
39,0,37
39,0,38
39,0,39
39,0,41
39,0,46
39,1,2
39,1,10
39,1,14
39,1,17
39,1,18
39,1,20
39,1,31
39,1,32
39,1,34
39,1,41
39,1,43
39,1,46
39,1,47
39,2,1
39,2,12
39,2,13
39,2,16
39,2,19
39,2,20
39,2,28
39,2,31
39,2,34
39,2,36
39,2,39
39,2,40
39,3,1
39,3,2
39,3,8
39,3,13
39,3,14
39,3,17
39,3,24
39,3,25
39,3,29
39,3,31
39,3,33
39,3,35
39,3,37
39,3,46
39,4,0
39,4,1
39,4,2
39,4,4
39,4,6
39,4,10
39,4,13
39,4,18
39,4,21
39,4,22
39,4,24
39,4,25
39,4,26
39,4,27
39,4,29
39,4,31
39,4,33
39,4,34
39,4,36
39,4,40
39,4,42
39,4,45
39,4,48
39,4,49
39,5,2
39,5,6
39,5,8
39,5,11
39,5,21
39,5,26
39,5,31
39,5,36
39,5,37
39,5,38
39,5,41
39,5,43
39,6,1
39,6,4
39,6,9
39,6,15
39,6,16
39,6,21
39,6,22
39,6,24
39,6,25
39,6,31
39,6,35
39,6,41
39,6,47
39,6,48
39,7,7
39,7,9
39,7,10
39,7,12
39,7,14
39,7,16
39,7,17
39,7,18
39,7,22
39,7,24
39,7,27
39,7,30
39,7,37
39,7,40
39,7,41
39,7,42
39,8,4
39,8,10
39,8,11
39,8,14
39,8,16
39,8,19
39,8,23
39,8,24
39,8,27
39,8,28
39,8,33
39,8,34
39,8,35
39,8,36
39,8,38
39,8,39
39,8,47
39,8,49
39,9,4
39,9,9
39,9,10
39,9,11
39,9,12
39,9,15
39,9,16
39,9,18
39,9,19
39,9,26
39,9,27
39,9,31
39,9,33
39,9,35
39,9,37
39,9,40
39,9,42
39,9,46
39,9,49
39,10,0
39,10,1
39,10,4
39,10,5
39,10,7
39,10,10
39,10,13
39,10,14
39,10,15
39,10,27
39,10,35
39,10,36
39,10,44
39,10,48
39,10,49
39,11,0
39,11,4
39,11,8
39,11,9
39,11,13
39,11,14
39,11,15
39,11,19
39,11,24
39,11,31
39,11,32
39,11,35
39,11,39
39,11,41
39,11,43
39,11,44
39,11,46
39,11,48
39,12,10
39,12,12
39,12,15
39,12,16
39,12,17
39,12,27
39,12,28
39,12,42
39,12,48
39,12,49
39,13,0
39,13,1
39,13,4
39,13,5
39,13,10
39,13,11
39,13,18
39,13,19
39,13,23
39,13,29
39,13,31
39,13,33
39,13,40
39,13,41
39,13,46
39,14,3
39,14,4
39,14,7
39,14,8
39,14,9
39,14,10
39,14,11
39,14,12
39,14,19
39,14,20
39,14,30
39,14,34
39,14,37
39,14,43
39,14,45
39,14,47
39,15,1
39,15,4
39,15,5
39,15,6
39,15,7
39,15,8
39,15,10
39,15,18
39,15,19
39,15,22
39,15,23
39,15,25
39,15,26
39,15,31
39,15,32
39,15,33
39,15,46
39,16,0
39,16,7
39,16,10
39,16,11
39,16,12
39,16,18
39,16,19
39,16,22
39,16,23
39,16,24
39,16,26
39,16,27
39,16,28
39,16,31
39,16,32
39,16,34
39,16,36
39,16,37
39,16,40
39,16,45
39,16,46
39,17,0
39,17,4
39,17,5
39,17,13
39,17,14
39,17,16
39,17,18
39,17,20
39,17,21
39,17,25
39,17,28
39,17,33
39,17,35
39,17,44
39,17,45
39,18,1
39,18,4
39,18,5
39,18,17
39,18,18
39,18,22
39,18,32
39,18,33
39,18,34
39,18,37
39,18,40
39,18,41
39,18,42
39,18,43
39,18,45
39,18,47
39,19,0
39,19,2
39,19,5
39,19,11
39,19,12
39,19,15
39,19,19
39,19,20
39,19,21
39,19,24
39,19,25
39,19,28
39,19,30
39,19,34
39,19,39
39,19,42
39,19,46
39,19,49
39,20,0
39,20,7
39,20,10
39,20,11
39,20,14
39,20,23
39,20,26
39,20,32
39,20,33
39,20,35
39,20,40
39,20,43
39,21,1
39,21,2
39,21,3
39,21,5
39,21,6
39,21,10
39,21,13
39,21,17
39,21,24
39,21,34
39,21,37
39,21,39
39,21,42
39,21,45
39,21,48
39,22,2
39,22,4
39,22,6
39,22,8
39,22,12
39,22,15
39,22,25
39,22,27
39,22,30
39,22,36
39,22,37
39,22,39
39,22,41
39,22,42
39,22,45
39,22,49
39,23,9
39,23,14
39,23,15
39,23,25
39,23,27
39,23,32
39,23,38
39,23,39
39,23,42
39,23,49
39,24,5
39,24,9
39,24,11
39,24,16
39,24,23
39,24,25
39,24,31
39,24,32
39,24,34
39,24,36
39,24,37
39,24,40
39,25,0
39,25,1
39,25,3
39,25,6
39,25,7
39,25,8
39,25,12
39,25,14
39,25,15
39,25,16
39,25,24
39,25,39
39,25,44
39,25,45
39,25,48
39,25,49
39,26,0
39,26,2
39,26,11
39,26,12
39,26,13
39,26,15
39,26,18
39,26,19
39,26,20
39,26,31
39,26,33
39,26,35
39,26,38
39,26,40
39,27,0
39,27,5
39,27,14
39,27,15
39,27,19
39,27,20
39,27,21
39,27,22
39,27,30
39,27,39
39,27,42
39,27,43
39,27,44
39,27,45
39,27,48
39,27,49
39,28,1
39,28,2
39,28,8
39,28,11
39,28,13
39,28,18
39,28,20
39,28,24
39,28,33
39,28,35
39,28,39
39,29,9
39,29,11
39,29,16
39,29,18
39,29,20
39,29,24
39,29,28
39,29,34
39,29,37
39,29,40
39,29,43
39,29,46
39,29,47
39,30,9
39,30,12
39,30,15
39,30,18
39,30,19
39,30,27
39,30,32
39,30,33
39,30,36
39,30,37
39,30,39
39,30,48
39,31,0
39,31,2
39,31,5
39,31,8
39,31,11
39,31,14
39,31,15
39,31,16
39,31,17
39,31,20
39,31,24
39,31,29
39,31,30
39,31,33
39,31,40
39,31,41
39,31,42
39,31,45
39,31,48
39,31,49
39,32,3
39,32,9
39,32,11
39,32,14
39,32,25
39,32,30
39,32,34
39,32,37
39,32,40
39,32,44
39,33,3
39,33,6
39,33,7
39,33,10
39,33,13
39,33,18
39,33,19
39,33,20
39,33,21
39,33,26
39,33,27
39,33,30
39,33,36
39,33,37
39,33,44
39,33,45
39,34,0
39,34,2
39,34,14
39,34,15
39,34,16
39,34,22
39,34,24
39,34,25
39,34,27
39,34,32
39,34,40
39,34,48
39,35,3
39,35,5
39,35,9
39,35,13
39,35,21
39,35,24
39,35,27
39,35,31
39,35,41
39,36,0
39,36,7
39,36,10
39,36,11
39,36,21
39,36,24
39,36,25
39,36,26
39,36,28
39,36,29
39,36,30
39,36,34
39,36,36
39,36,37
39,36,44
39,36,45
39,37,3
39,37,7
39,37,8
39,37,10
39,37,11
39,37,12
39,37,15
39,37,18
39,37,21
39,37,22
39,37,25
39,37,30
39,37,33
39,37,36
39,37,38
39,37,41
39,37,48
39,38,7
39,38,8
39,38,9
39,38,10
39,38,17
39,38,24
39,38,29
39,38,37
39,38,39
39,38,40
39,38,43
39,39,5
39,39,8
39,39,15
39,39,20
39,39,22
39,39,27
39,39,28
39,39,38
39,39,43
39,39,45
39,40,3
39,40,6
39,40,7
39,40,16
39,40,17
39,40,18
39,40,19
39,40,23
39,40,24
39,40,31
39,40,38
39,40,40
39,40,41
39,40,49
39,41,1
39,41,5
39,41,7
39,41,11
39,41,14
39,41,16
39,41,19
39,41,23
39,41,24
39,41,25
39,41,26
39,41,32
39,41,39
39,41,44
39,41,45
39,41,46
39,41,47
39,41,48
39,42,6
39,42,8
39,42,9
39,42,11
39,42,15
39,42,18
39,42,22
39,42,23
39,42,24
39,42,31
39,42,34
39,42,37
39,42,39
39,42,41
39,42,43
39,42,49
39,43,0
39,43,3
39,43,9
39,43,13
39,43,17
39,43,18
39,43,20
39,43,22
39,43,24
39,43,27
39,43,29
39,43,33
39,43,38
39,43,39
39,43,40
39,43,41
39,43,44
39,43,49
39,44,1
39,44,4
39,44,9
39,44,11
39,44,12
39,44,13
39,44,18
39,44,19
39,44,22
39,44,28
39,44,29
39,44,33
39,44,34
39,44,39
39,44,40
39,44,41
39,44,45
39,44,46
39,44,48
39,45,0
39,45,2
39,45,5
39,45,8
39,45,9
39,45,10
39,45,16
39,45,17
39,45,18
39,45,24
39,45,25
39,45,30
39,45,31
39,45,33
39,45,34
39,45,37
39,45,41
39,45,49
39,46,2
39,46,3
39,46,5
39,46,7
39,46,8
39,46,10
39,46,18
39,46,25
39,46,26
39,46,35
39,46,36
39,46,38
39,46,44
39,46,45
39,47,3
39,47,4
39,47,6
39,47,9
39,47,10
39,47,13
39,47,14
39,47,16
39,47,17
39,47,18
39,47,20
39,47,22
39,47,26
39,47,28
39,47,29
39,47,32
39,47,38
39,47,41
39,47,43
39,47,48
39,48,5
39,48,8
39,48,11
39,48,15
39,48,18
39,48,22
39,48,31
39,48,35
39,48,37
39,48,38
39,48,41
39,48,47
39,48,48
39,49,6
39,49,14
39,49,17
39,49,19
39,49,23
39,49,29
39,49,34
39,49,35
39,49,37
39,49,43
39,49,48
40,0,1
40,0,4
40,0,6
40,0,11
40,0,13
40,0,28
40,0,36
40,0,38
40,0,40
40,0,46
40,0,47
40,1,7
40,1,8
40,1,10
40,1,11
40,1,12
40,1,13
40,1,15
40,1,16
40,1,17
40,1,21
40,1,22
40,1,23
40,1,25
40,1,30
40,1,31
40,1,33
40,1,38
40,1,39
40,1,41
40,1,43
40,2,1
40,2,16
40,2,18
40,2,19
40,2,24
40,2,26
40,2,27
40,2,29
40,2,33
40,2,36
40,2,39
40,2,45
40,3,1
40,3,5
40,3,15
40,3,16
40,3,20
40,3,23
40,3,24
40,3,27
40,3,28
40,3,39
40,4,0
40,4,1
40,4,2
40,4,6
40,4,8
40,4,11
40,4,16
40,4,18
40,4,24
40,4,34
40,4,36
40,4,37
40,4,41
40,4,42
40,4,47
40,4,48
40,5,1
40,5,2
40,5,18
40,5,20
40,5,21
40,5,23
40,5,32
40,5,33
40,5,35
40,5,43
40,5,46
40,5,47
40,5,49
40,6,3
40,6,6
40,6,8
40,6,11
40,6,12
40,6,13
40,6,18
40,6,24
40,6,25
40,6,26
40,6,34
40,6,37
40,6,38
40,6,39
40,6,43
40,6,44
40,6,46
40,6,49
40,7,7
40,7,9
40,7,10
40,7,14
40,7,17
40,7,21
40,7,22
40,7,29
40,7,31
40,7,33
40,7,37
40,7,40
40,7,44
40,7,48
40,7,49
40,8,0
40,8,1
40,8,5
40,8,7
40,8,9
40,8,13
40,8,16
40,8,22
40,8,28
40,8,31
40,8,38
40,8,39
40,8,42
40,8,43
40,8,47
40,8,48
40,8,49
40,9,0
40,9,2
40,9,3
40,9,4
40,9,5
40,9,8
40,9,12
40,9,13
40,9,22
40,9,23
40,9,24
40,9,25
40,9,26
40,9,30
40,9,34
40,9,36
40,9,41
40,9,45
40,9,46
40,9,48
40,10,0
40,10,1
40,10,2
40,10,5
40,10,12
40,10,13
40,10,16
40,10,17
40,10,20
40,10,21
40,10,22
40,10,23
40,10,26
40,10,28
40,10,31
40,10,32
40,10,33
40,10,34
40,10,37
40,10,45
40,11,9
40,11,10
40,11,18
40,11,23
40,11,24
40,11,25
40,11,27
40,11,29
40,11,31
40,11,33
40,11,37
40,11,39
40,11,40
40,11,41
40,11,42
40,11,48
40,11,49
40,12,6
40,12,8
40,12,23
40,12,25
40,12,26
40,12,30
40,12,34
40,12,35
40,12,38
40,12,40
40,12,42
40,12,44
40,12,48
40,13,0
40,13,1
40,13,5
40,13,12
40,13,15
40,13,20
40,13,21
40,13,28
40,13,31
40,13,35
40,13,40
40,13,42
40,13,44
40,13,48
40,14,0
40,14,2
40,14,5
40,14,6
40,14,13
40,14,17
40,14,22
40,14,23
40,14,25
40,14,26
40,14,27
40,14,28
40,14,32
40,14,40
40,14,42
40,14,46
40,14,48
40,15,6
40,15,8
40,15,13
40,15,15
40,15,18
40,15,20
40,15,23
40,15,25
40,15,26
40,15,37
40,15,38
40,15,43
40,15,48
40,16,6
40,16,9
40,16,11
40,16,25
40,16,32
40,16,34
40,16,35
40,16,36
40,16,38
40,16,39
40,16,40
40,16,41
40,16,44
40,16,48
40,17,1
40,17,2
40,17,3
40,17,5
40,17,6
40,17,7
40,17,10
40,17,12
40,17,15
40,17,16
40,17,20
40,17,21
40,17,22
40,17,23
40,17,26
40,17,28
40,17,29
40,17,37
40,17,40
40,17,41
40,18,1
40,18,11
40,18,14
40,18,21
40,18,33
40,18,37
40,18,43
40,18,44
40,19,1
40,19,19
40,19,21
40,19,22
40,19,26
40,19,28
40,19,36
40,19,39
40,19,46
40,19,47
40,20,7
40,20,8
40,20,12
40,20,19
40,20,20
40,20,21
40,20,23
40,20,25
40,20,26
40,20,28
40,20,29
40,20,33
40,20,36
40,20,38
40,20,39
40,20,42
40,20,46
40,20,47
40,21,7
40,21,11
40,21,15
40,21,18
40,21,22
40,21,25
40,21,34
40,21,38
40,21,45
40,22,4
40,22,7
40,22,8
40,22,14
40,22,15
40,22,17
40,22,21
40,22,23
40,22,27
40,22,31
40,22,32
40,22,39
40,22,47
40,22,48
40,23,1
40,23,2
40,23,4
40,23,6
40,23,7
40,23,10
40,23,13
40,23,18
40,23,20
40,23,25
40,23,28
40,23,30
40,23,31
40,23,33
40,23,34
40,23,44
40,23,45
40,23,47
40,24,3
40,24,10
40,24,12
40,24,19
40,24,20
40,24,23
40,24,28
40,24,30
40,24,35
40,24,40
48,46,32
48,46,35
48,46,42
48,46,46
48,47,0
48,47,4
48,47,6
48,47,8
48,47,11
48,47,12
48,47,13
48,47,15
48,47,18
48,47,20
48,47,21
48,47,22
48,47,25
48,47,26
48,47,34
48,47,35
48,47,36
48,47,37
48,47,38
48,47,42
48,47,45
48,47,46
48,47,48
48,48,3
48,48,4
48,48,8
48,48,9
48,48,14
48,48,15
48,48,17
48,48,18
48,48,22
48,48,24
48,48,26
48,48,27
48,48,31
48,48,38
48,48,39
48,48,41
48,48,44
48,48,45
48,48,47
48,48,48
48,49,0
48,49,1
48,49,4
48,49,5
48,49,6
48,49,7
48,49,10
48,49,14
48,49,15
48,49,16
48,49,20
48,49,23
48,49,25
48,49,30
48,49,33
48,49,34
48,49,37
48,49,43
48,49,44
48,49,48
49,0,2
49,0,4
49,0,9
49,0,12
49,0,18
49,0,22
49,0,26
49,0,31
49,0,37
49,0,38
49,0,43
49,1,0
49,1,11
49,1,15
49,1,17
49,1,20
49,1,21
49,1,22
49,1,23
49,1,25
49,1,33
49,1,34
49,1,38
49,1,41
49,2,9
49,2,10
49,2,11
49,2,12
49,2,13
49,2,16
49,2,17
49,2,26
49,2,27
49,2,33
49,2,36
49,2,38
49,2,40
49,2,43
49,3,2
49,3,3
49,3,5
49,3,10
49,3,12
49,3,15
49,3,20
49,3,21
49,3,24
49,3,25
49,3,26
49,3,29
49,3,31
49,3,33
49,3,40
49,3,47
49,3,48
49,4,2
49,4,8
49,4,9
49,4,10
49,4,13
49,4,14
49,4,20
49,4,27
49,4,29
49,4,34
49,4,38
49,4,39
49,4,42
49,4,43
49,4,45
49,4,47
49,4,48
49,4,49
49,5,11
49,5,18
49,5,21
49,5,24
49,5,28
49,5,31
49,5,34
49,5,38
49,5,43
49,6,3
49,6,4
49,6,8
49,6,11
49,6,13
49,6,18
49,6,23
49,6,27
49,6,32
49,6,36
49,6,41
49,7,0
49,7,1
49,7,2
49,7,3
49,7,8
49,7,13
49,7,15
49,7,19
49,7,20
49,7,22
49,7,25
49,7,29
49,7,31
49,7,34
49,7,35
49,7,38
49,7,48
49,7,49
49,8,3
49,8,4
49,8,8
49,8,11
49,8,13
49,8,14
49,8,15
49,8,18
49,8,22
49,8,23
49,8,24
49,8,25
49,8,27
49,8,33
49,8,38
49,8,41
49,8,45
49,8,47
49,9,0
49,9,1
49,9,6
49,9,9
49,9,14
49,9,16
49,9,33
49,9,34
49,9,37
49,9,43
49,9,47
49,9,49
49,10,4
49,10,7
49,10,12
49,10,14
49,10,19
49,10,20
49,10,26
49,10,31
49,10,39
49,10,42
49,10,45
49,10,46
49,10,48
49,10,49
49,11,1
49,11,15
49,11,22
49,11,23
49,11,32
49,11,34
49,11,37
49,11,40
49,11,44
49,11,46
49,11,49
49,12,2
49,12,3
49,12,7
49,12,8
49,12,10
49,12,15
49,12,17
49,12,18
49,12,19
49,12,20
49,12,21
49,12,27
49,12,28
49,12,36
49,12,38
49,12,44
49,12,47
49,13,4
49,13,6
49,13,11
49,13,16
49,13,17
49,13,24
49,13,27
49,13,31
49,13,34
49,13,39
49,13,40
49,13,41
49,13,42
49,13,47
49,14,0
49,14,1
49,14,3
49,14,4
49,14,5
49,14,7
49,14,9
49,14,11
49,14,17
49,14,18
49,14,23
49,14,25
49,14,28
49,14,35
49,14,41
49,14,44
49,14,48
49,15,0
49,15,1
49,15,5
49,15,7
49,15,11
49,15,13
49,15,16
49,15,18
49,15,19
49,15,21
49,15,23
49,15,28
49,15,29
49,15,32
49,15,36
49,15,37
49,15,38
49,15,39
49,15,41
49,15,42
49,15,43
49,15,45
49,15,49
49,16,6
49,16,8
49,16,15
49,16,16
49,16,21
49,16,23
49,16,26
49,16,28
49,16,29
49,16,30
49,16,33
49,16,39
49,16,40
49,17,0
49,17,2
49,17,5
49,17,7
49,17,10
49,17,12
49,17,15
49,17,19
49,17,20
49,17,25
49,17,35
49,17,37
49,17,44
49,17,47
49,17,48
49,17,49
49,18,0
49,18,4
49,18,8
49,18,12
49,18,19
49,18,20
49,18,27
49,18,37
49,18,41
49,18,46
49,18,48
49,19,2
49,19,8
49,19,9
49,19,11
49,19,14
49,19,18
49,19,19
49,19,20
49,19,26
49,19,27
49,19,30
49,19,31
49,19,34
49,19,36
49,19,44
49,20,2
49,20,8
49,20,10
49,20,17
49,20,19
49,20,20
49,20,25
49,20,27
49,20,32
49,20,39
49,20,40
49,20,42
49,20,44
49,20,48
49,21,0
49,21,1
49,21,6
49,21,9
49,21,12
49,21,13
49,21,14
49,21,18
49,21,22
49,21,23
49,21,24
49,21,25
49,21,31
49,21,33
49,21,34
49,21,35
49,21,41
49,21,43
49,21,44
49,21,45
49,22,1
49,22,2
49,22,5
49,22,13
49,22,18
49,22,30
49,22,31
49,22,34
49,22,36
49,22,40
49,22,41
49,22,42
49,22,44
49,22,47
49,23,0
49,23,2
49,23,3
49,23,5
49,23,6
49,23,7
49,23,8
49,23,11
49,23,13
49,23,15
49,23,29
49,23,39
49,23,40
49,23,44
49,23,45
49,23,46
49,23,48
49,24,0
49,24,1
49,24,12
49,24,16
49,24,18
49,24,22
49,24,33
49,24,37
49,24,39
49,24,47
49,24,49
49,25,6
49,25,7
49,25,9
49,25,10
49,25,17
49,25,19
49,25,20
49,25,25
49,25,29
49,25,32
49,25,37
49,25,41
49,25,42
49,25,46
49,25,48
49,26,4
49,26,14
49,26,21
49,26,24
49,26,27
49,26,28
49,26,32
49,26,36
49,26,37
49,26,44
49,26,49
49,27,2
49,27,4
49,27,9
49,27,10
49,27,28
49,27,30
49,27,32
49,27,33
49,27,38
49,28,1
49,28,3
49,28,11
49,28,14
49,28,21
49,28,24
49,28,25
49,28,27
49,28,36
49,28,41
49,28,44
49,28,47
49,28,48
49,28,49
49,29,1
49,29,2
49,29,3
49,29,5
49,29,10
49,29,11
49,29,15
49,29,18
49,29,19
49,29,23
49,29,25
49,29,30
49,29,31
49,29,35
49,29,44
49,29,45
49,29,47
49,29,48
49,29,49
49,30,5
49,30,9
49,30,11
49,30,13
49,30,17
49,30,19
49,30,31
49,30,32
49,30,33
49,30,34
49,30,41
49,30,46
49,30,47
49,30,49
49,31,2
49,31,9
49,31,12
49,31,13
49,31,17
49,31,25
49,31,31
49,31,32
49,31,40
49,31,48
49,32,4
49,32,6
49,32,15
49,32,17
49,32,25
49,32,29
49,32,30
49,32,31
49,32,36
49,32,39
49,32,42
49,32,43
49,32,44
49,32,49
49,33,3
49,33,7
49,33,8
49,33,16
49,33,17
49,33,20
49,33,21
49,33,23
49,33,25
49,33,34
49,33,41
49,33,43
49,34,0
49,34,6
49,34,7
49,34,11
49,34,14
49,34,18
49,34,25
49,34,26
49,34,31
49,34,38
49,34,39
49,34,49
49,35,2
49,35,4
49,35,15
49,35,17
49,35,26
49,35,27
49,35,28
49,35,29
49,35,31
49,35,35
49,35,36
49,35,37
49,35,38
49,35,39
49,35,48
49,36,5
49,36,8
49,36,9
49,36,14
49,36,20
49,36,23
49,36,25
49,36,27
49,36,28
49,36,30
49,36,31
49,36,35
49,36,36
49,36,38
49,36,40
49,36,41
49,36,42
49,36,46
49,37,1
49,37,2
49,37,7
49,37,12
49,37,15
49,37,17
49,37,19
49,37,20
49,37,24
49,37,25
49,37,34
49,37,38
49,37,41
49,37,42
49,37,43
49,37,46
49,37,48
49,38,1
49,38,9
49,38,12
49,38,16
49,38,19
49,38,23
49,38,25
49,38,27
49,38,28
49,38,30
49,38,35
49,38,37
49,38,40
49,38,46
49,38,48
49,38,49
49,39,0
49,39,2
49,39,7
49,39,12
49,39,14
49,39,18
49,39,23
49,39,24
49,39,31
49,39,32
49,39,33
49,39,35
49,39,40
49,39,43
49,39,44
49,39,45
49,40,4
49,40,12
49,40,30
49,40,32
49,40,34
49,40,45
49,40,46
49,41,0
49,41,9
49,41,10
49,41,12
49,41,17
49,41,20
49,41,24
49,41,25
49,41,26
49,41,31
49,41,33
49,41,42
49,41,44
49,41,47
49,41,49
49,42,2
49,42,4
49,42,7
49,42,10
49,42,13
49,42,19
49,42,21
49,42,24
49,42,27
49,42,28
49,42,35
49,42,45
49,42,47
49,42,48
49,43,4
49,43,6
49,43,7
49,43,9
49,43,11
49,43,12
49,43,13
49,43,17
49,43,24
49,43,27
49,43,36
49,43,37
49,43,40
49,44,1
49,44,2
49,44,3
49,44,4
49,44,11
49,44,17
49,44,19
49,44,22
49,44,24
49,44,28
49,44,30
49,44,31
49,44,34
49,44,36
49,44,44
49,44,49
49,45,3
49,45,5
49,45,7
49,45,8
49,45,10
49,45,13
49,45,14
49,45,16
49,45,21
49,45,24
49,45,26
49,45,34
49,45,35
49,45,43
49,45,44
49,45,49
49,46,0
49,46,2
49,46,4
49,46,6
49,46,11
49,46,15
49,46,16
49,46,18
49,46,22
49,46,25
49,46,29
49,46,33
49,46,35
49,46,36
49,46,38
49,46,43
49,46,48
49,47,4
49,47,5
49,47,7
49,47,11
49,47,12
49,47,17
49,47,18
49,47,29
49,47,32
49,47,38
49,47,41
49,47,43
49,48,0
49,48,4
49,48,6
49,48,13
49,48,16
49,48,18
49,48,23
49,48,24
49,48,28
49,48,30
49,48,32
49,48,33
49,48,37
49,48,40
49,48,41
49,48,44
49,48,45
49,49,3
49,49,5
49,49,6
49,49,7
49,49,9
49,49,11
49,49,17
49,49,18
49,49,19
49,49,28
49,49,30
49,49,34
49,49,36
49,49,38
49,49,43
